! # = Tile Legend
! 2 = Grass Top
! 3 = Tile Dirt
! 4 = TileStone
! 5 = Tree
! 6 = Tile Rock
! 7 = Exit
!___________________________________________________MAP_____________________________________________________________________________________________________________________________________________________________________________________________________________________________________________________________________________________________________________________________________________________________________________________________________________________________________________________________________________________________________________________________________________________________________________________________________________________
                                                                                                                                                                                          3                                                                                                                333333333333333333333333333333333333333333333333333333333333333333333333                              6
6                                                                                                                                                                                         3                                                                                                                  3333333333333333333333333333333333333333333                         33                              6
6                                                                                                                                                                                         3                                                                                                                    33333333333333333333333333333333333333                            33                              6
6                                                                                                                                                                                         3                                                                                                                      33333333333333333333333333333333                                33               6              6
6       5                                                                                                                                                                            6    3                                                                                                                        3333333333333333333333333                                     33              666666          6
6                                                                                                                                                                                   66    35                                                                                                                         333333333333333333                       33333333333333     33            6666              6
6                                                                                                                                                                            2  2    6    3                                                                                                                                                                33333333333333333     33   6      666  6              6
6                                                                                                                                                                         6  3  3    6    3                                                                                                                                                             33333333333333333333     33        666    6              6
6                                                                                                                      22                                              2  6  3  3    6    3                                                                                                                                                          33333333333333333333333     33               6         666666                                                     6
6                                                                                                                     2222                                          2  3  6  3  3    6    3                     2    22222222222                                                                                                                  *333333333333                  332              6              6                                                     6
6                                                                                                                    222222                                      2  3  3  6  3  3    6    3                     3         3                              *                                                                                    333333333333333                    3332             6              6                                                     6
6                                                                                                                   22222222                        22222222222  3  3  3  6  3  3    6    3                  2233         3         222222222222222                                                                    33333333333333333333333333333333333333                    333322           6              6                                                     6
6                                                                                                                  2222222222                 22              3  3  3  3  6  3  3    6    3                     3         3                3                                                                         3333333333333333333333333333333333333333                    33333322         666666         6                                                     6
6                                                             *                                                   222222222222                                3  3  3  3  6  3  3    6    3                   333         3                3                                                                       333333333333333333333333333333333333333333     3333333333333333333333322       6              6                                                     6
6                                     222222222222222222                                                         22222222222222                           33333  3  3  3  6  3  3    6                     2  3           3                3                                                                     33333333333333333333333333333333333333333333                                   226                                                                    6
6                                    22222222222222222222                                                       2222222222222222                          3      3  3  3  6  3  3    6                    23  333         3                3                                      *                            3333333333333333333333333333333333333333333333                                  2336                                                                    6
6                                   2222222222222222222222                                                     222222222222222222                 22      3      3  3  3  6  3  3    6                    3     3         3                3          66666666666666666666666666666666666                    333333333333333333333333333333333333333333333333                                 23336                                      6                   7         6
6                                 *222222222222222222222222                             *                     22222222222222222222               *33      3      3  3  3  6  3  3    6                 *223   333         3                3             3                           3                     33333333333333333333333333333333333333333333333333                            *   233336                   *                  6                             6
6222222222222222222222222    22222222222222222222222222222222222   22    22  22   22   22   222   22   222222222222222222222222222222222222222222233      3      3  3  3  6  3  3    3222222222222222222333   3           3                3             3                           3      2222222222222223333333333333333333333333333333333333333333333333322222222222222222222222222222222333336       66   666666666666666666666666666                            *6
6333333333333333333333333    33333333333333333333333333333333333   33    33  33   33   33   333   33   333333333333333333333333333333333333333333333      3      3  3  3  6  3  3    3333333333333333333333   3           3                3             3                           3      3333333333333333333333333333333333333333333333333333333333333333333333333333333333333333333333333333336       66   666666666666666666666666666666666666666666666666666666666
633333333333333333333333388883333333333333333333333333333333333388833888833883388833888338883338883388833333333333333333333333333333333333333333333388888888888888888888888888888888888888888888888888888888888888888888888888888888888888888888888888888888888888888888888888888888888888883333333333333333333333333333333333333333333333333333333333333333333333333333333333333333333333333333336888888866888666666666666666666666666666666666666666666666666666666666
633333333333333333333333388883333333333333333333333333333333333388833888833883388833888338883338883388833333333333333333333333333333333333333333333388888888888888888888888888888888888888888888888888888888888888888888888888888888888888888888888888888888888888888888888888888888888888883333333333333333333333333333333333333333333333333333333333333333333333333333333333333333333333333333336888888866888666666666666666666666666666666666666666666666666666666666
